v:1.0.8470.31454
v:1.0.8470.31454
